1.0000e+02 1.0000e+02 1.0000e+02 8.3469e+01 1.0000e+02 1.0000e+02 1.0000e+02 9.1287e+01 1.0000e+02 1.0000e+02 1.0000e+02 1.0000e+02 9.1674e+01 1.0000e+02 9.0298e+01 1.0000e+02 1.0000e+02 1.0000e+02 1.0000e+02 6.2696e+01 1.0000e+02
-1.0000e+02 -1.2868e+00 3.6276e+01 5.0407e+01 6.3560e+01 7.0137e+01 7.3431e+01 7.3860e+01 7.7257e+01 7.8591e+01 7.8807e+01 7.7921e+01 7.5022e+01 7.4770e+01 7.0893e+01 6.9676e+01 6.4560e+01 5.4500e+01 3.4325e+01 -1.1912e+01 -1.0000e+02
-1.0000e+02 -4.1423e+01 -4.0146e+00 1.8322e+01 3.3696e+01 4.3557e+01 4.9726e+01 5.3466e+01 5.6577e+01 5.8301e+01 5.8715e+01 5.7856e+01 5.5724e+01 5.3164e+01 4.8828e+01 4.3250e+01 3.4066e+01 1.9115e+01 -5.2867e+00 -4.4669e+01 -1.0000e+02
-1.0000e+02 -6.0392e+01 -2.9233e+01 -6.8005e+00 9.3437e+00 2.0671e+01 2.8449e+01 3.3699e+01 3.7286e+01 3.9320e+01 3.9895e+01 3.9063e+01 3.6854e+01 3.3336e+01 2.8003e+01 2.0429e+01 9.3380e+00 -6.8177e+00 -2.9919e+01 -6.1477e+01 -1.0000e+02
-1.0000e+02 -7.0913e+01 -4.5726e+01 -2.5634e+01 -1.0191e+01 1.3322e+00 9.7013e+00 1.5596e+01 1.9546e+01 2.1799e+01 2.2481e+01 2.1648e+01 1.9292e+01 1.5323e+01 9.4203e+00 1.1245e+00 -1.0325e+01 -2.5806e+01 -4.6094e+01 -7.1320e+01 -1.0000e+02
-1.0000e+02 -7.7534e+01 -5.7122e+01 -3.9820e+01 -2.5807e+01 -1.4852e+01 -6.5719e+00 -5.6447e-01 3.5051e+00 5.8478e+00 6.5821e+00 5.7545e+00 3.3433e+00 -7.5630e-01 -6.7698e+00 -1.5026e+01 -2.5958e+01 -3.9986e+01 -5.7331e+01 -7.7710e+01 -1.0000e+02
-1.0000e+02 -8.2100e+01 -6.5408e+01 -5.0718e+01 -3.8363e+01 -2.8363e+01 -2.0573e+01 -1.4787e+01 -1.0810e+01 -8.4950e+00 -7.7550e+00 -8.5555e+00 -1.0917e+01 -1.4922e+01 -2.0717e+01 -2.8502e+01 -3.8494e+01 -5.0848e+01 -6.5536e+01 -8.2189e+01 -1.0000e+02
-1.0000e+02 -8.5459e+01 -7.1692e+01 -5.9282e+01 -4.8564e+01 -3.9663e+01 -3.2569e+01 -2.7202e+01 -2.3462e+01 -2.1264e+01 -2.0552e+01 -2.1304e+01 -2.3536e+01 -2.7298e+01 -3.2676e+01 -3.9770e+01 -4.8667e+01 -5.9378e+01 -7.1774e+01 -8.5510e+01 -1.0000e+02
-1.0000e+02 -8.8044e+01 -7.6618e+01 -6.6154e+01 -5.6948e+01 -4.9157e+01 -4.2839e+01 -3.7989e+01 -3.4572e+01 -3.2547e+01 -3.1885e+01 -3.2575e+01 -3.4623e+01 -3.8058e+01 -4.2917e+01 -4.9238e+01 -5.7025e+01 -6.6224e+01 -7.6673e+01 -8.8076e+01 -1.0000e+02
-1.0000e+02 -9.0100e+01 -8.0580e+01 -7.1770e+01 -6.3916e+01 -5.7178e+01 -5.1643e+01 -4.7345e+01 -4.4289e+01 -4.2467e+01 -4.1867e+01 -4.2486e+01 -4.4325e+01 -4.7394e+01 -5.1699e+01 -5.7237e+01 -6.3973e+01 -7.1821e+01 -8.0619e+01 -9.0121e+01 -1.0000e+02
-1.0000e+02 -9.1775e+01 -8.3834e+01 -7.6431e+01 -6.9769e+01 -6.3997e+01 -5.9208e+01 -5.5458e+01 -5.2774e+01 -5.1164e+01 -5.0632e+01 -5.1177e+01 -5.2799e+01 -5.5492e+01 -5.9248e+01 -6.4039e+01 -6.9810e+01 -7.6466e+01 -8.3861e+01 -9.1789e+01 -1.0000e+02
-1.0000e+02 -9.3166e+01 -8.6549e+01 -8.0350e+01 -7.4734e+01 -6.9832e+01 -6.5736e+01 -6.2507e+01 -6.0183e+01 -5.8785e+01 -5.8320e+01 -5.8793e+01 -6.0200e+01 -6.2530e+01 -6.5762e+01 -6.9860e+01 -7.4762e+01 -8.0374e+01 -8.6568e+01 -9.3176e+01 -1.0000e+02
-1.0000e+02 -9.4339e+01 -8.8848e+01 -8.3684e+01 -7.8985e+01 -7.4861e+01 -7.1396e+01 -6.8652e+01 -6.6669e+01 -6.5471e+01 -6.5072e+01 -6.5475e+01 -6.6677e+01 -6.8665e+01 -7.1412e+01 -7.4878e+01 -7.9003e+01 -8.3701e+01 -8.8861e+01 -9.4346e+01 -1.0000e+02
-1.0000e+02 -9.5343e+01 -9.0820e+01 -8.6555e+01 -8.2661e+01 -7.9230e+01 -7.6336e+01 -7.4036e+01 -7.2368e+01 -7.1359e+01 -7.1021e+01 -7.1359e+01 -7.2370e+01 -7.4040e+01 -7.6343e+01 -7.9239e+01 -8.2671e+01 -8.6566e+01 -9.0828e+01 -9.5348e+01 -1.0000e+02
-1.0000e+02 -9.6214e+01 -9.2533e+01 -8.9056e+01 -8.5874e+01 -8.3062e+01 -8.0684e+01 -7.8788e+01 -7.7411e+01 -7.6575e+01 -7.6294e+01 -7.6571e+01 -7.7405e+01 -7.8783e+01 -8.0681e+01 -8.3063e+01 -8.5878e+01 -8.9063e+01 -9.2539e+01 -9.6217e+01 -1.0000e+02
-1.0000e+02 -9.6980e+01 -9.4041e+01 -9.1263e+01 -8.8716e+01 -8.6461e+01 -8.4549e+01 -8.3022e+01 -8.1912e+01 -8.1237e+01 -8.1008e+01 -8.1228e+01 -8.1896e+01 -8.3005e+01 -8.4535e+01 -8.6453e+01 -8.8716e+01 -9.1268e+01 -9.4047e+01 -9.6983e+01 -1.0000e+02
-1.0000e+02 -9.7664e+01 -9.5390e+01 -9.3238e+01 -9.1266e+01 -8.9517e+01 -8.8029e+01 -8.6838e+01 -8.5978e+01 -8.5455e+01 -8.5273e+01 -8.5436e+01 -8.5946e+01 -8.6808e+01 -8.8000e+01 -8.9500e+01 -9.1264e+01 -9.3246e+01 -9.5398e+01 -9.7668e+01 -1.0000e+02
-1.0000e+02 -9.8287e+01 -9.6616e+01 -9.5034e+01 -9.3595e+01 -9.2312e+01 -9.1211e+01 -9.0325e+01 -8.9707e+01 -8.9332e+01 -8.9195e+01 -8.9296e+01 -8.9646e+01 -9.0280e+01 -9.1158e+01 -9.2282e+01 -9.3594e+01 -9.5055e+01 -9.6632e+01 -9.8291e+01 -1.0000e+02
-1.0000e+02 -9.8867e+01 -9.7754e+01 -9.6687e+01 -9.5766e+01 -9.4927e+01 -9.4178e+01 -9.3545e+01 -9.3191e+01 -9.2972e+01 -9.2877e+01 -9.2906e+01 -9.3064e+01 -9.3507e+01 -9.4071e+01 -9.4876e+01 -9.5775e+01 -9.6748e+01 -9.7783e+01 -9.8865e+01 -1.0000e+02
-1.0000e+02 -9.9428e+01 -9.8844e+01 -9.8196e+01 -9.7854e+01 -9.7452e+01 -9.7029e+01 -9.6486e+01 -9.6541e+01 -9.6488e+01 -9.6438e+01 -9.6386e+01 -9.6199e+01 -9.6612e+01 -9.6743e+01 -9.7375e+01 -9.7882e+01 -9.8380e+01 -9.8888e+01 -9.9387e+01 -1.0000e+02
-1.0000e+02 -1.0000e+02 -1.0000e+02 -9.9399e+01 -1.0000e+02 -1.0000e+02 -1.0000e+02 -9.8829e+01 -1.0000e+02 -1.0000e+02 -1.0000e+02 -1.0000e+02 -9.8733e+01 -1.0000e+02 -9.8914e+01 -1.0000e+02 -1.0000e+02 -1.0000e+02 -1.0000e+02 -9.9796e+01 -1.0000e+02
